Running on  4  nodes: node[2004-2007] , with  12  threads per node

hostfile /tmp/hosts.99715
cpus_per_node(# nodes) 12(x4)
Semistochastic Heat-bath Configuration Interation (SHCI)

Start time: Sat Jun  8 08:24:23 2019
Infrastructure: 4 nodes * 12 threads
Configuration:
{
  "chem": {
    "irrep_occs_dn": [
      4,
      2,
      1,
      2,
      1,
      2,
      1,
      0,
      1
    ],
    "irrep_occs_up": [
      4,
      2,
      1,
      2,
      1,
      2,
      1,
      0,
      1
    ],
    "irreps": [
      1,
      2,
      3,
      4,
      5,
      6,
      7,
      8,
      9
    ],
    "point_group": "Dih"
  },
  "eps_vars": [
    0.0002,
    0.0001,
    5e-05
  ],
  "eps_vars_schedule": [
    0.002,
    0.002,
    0.002,
    0.002,
    0.002,
    0.002,
    0.001,
    0.001,
    0.001,
    0.001,
    0.001,
    0.001,
    0.001,
    0.0005,
    0.0005,
    0.0005,
    0.0005,
    0.0005,
    0.0005
  ],
  "load_integrals_cache": true,
  "n_dn": 14,
  "n_up": 14,
  "system": "chem",
  "target_error": 1e-05,
  "time_sym": true
}
Timing format: [DIFF/SECTION/TOTAL]

BEG OF setup [0.0/1.0]GB [0.000/0.000/0.000]s

BEG OF load integrals << setup [0.0/1.0]GB [0.004/0.000/0.004]s
Loaded FCIDUMP cache from: integrals_cache.dat
END OF load integrals << setup [0.0/1.1]GB [0.226/0.226/0.230]s

BEG OF setup hci queue << setup [0.0/1.1]GB [0.000/0.000/0.230]s
Max hci queue elem: 0.3422306900 Ha
Number of entries in hci queue: 1,786,274
END OF setup hci queue << setup [0.1/1.1]GB [0.102/0.102/0.332]s
HF energy: -2098.5648575103 Ha
END OF setup [0.1/1.1]GB [0.002/0.333/0.333]s

BEG OF variation [0.1/1.1]GB [0.000/0.000/0.333]s
Final iteration 0 HF ndets= 1 energy= -2098.56485751

BEG OF eps_var 2.00e-04 << variation [0.1/1.1]GB [0.000/0.000/0.333]s
Try Loading Wavefunction wf_eps1_2.00e-04.dat
Loaded 1,236,032 dets from: wf_eps1_2.00e-04.dat
Effect dets (without time sym): 2,468,461
----------------------------------------
Excite Lv       # dets         Sum c^2
0                    1      0.58343373
1                  172      0.00268004
2                61902      0.30817989
3               305694      0.00924384
4              1343312      0.07640229
5               234182      0.00438184
6               405810      0.01248910
7                63456      0.00126155
8                43670      0.00157683
9                 7274      0.00020621
10                2466      0.00013066
11                 470      0.00001119
12                  44      0.00000282
13                   8      0.00000001
----------------------------------------
Orbital                        Sum c^2
0                           1.99547973
1                           1.99553997
2                           1.99026453
3                           1.98882277
4                           1.98882277
5                           1.98615319
6                           1.98615319
7                           1.98367924
8                           1.86971095
9                           1.86971095
10                          1.92062910
11                          1.74680541
12                          1.74680541
13                          1.85743345
14                          0.13107661
15                          0.02655681
16                          0.02655681
17                          0.01258500
18                          0.12153392
19                          0.12153392
20                          0.23804208
21                          0.23804208
22                          0.03386802
23                          0.00678455
24                          0.00347042
25                          0.00347042
26                          0.00381611
27                          0.00763611
28                          0.00763611
29                          0.00279499
30                          0.00427113
31                          0.01190861
32                          0.01190861
33                          0.00434087
34                          0.00434087
35                          0.00345742
36                          0.00345742
37                          0.00205125
38                          0.00205125
39                          0.00222162
40                          0.00373997
41                          0.00157765
42                          0.00157765
43                          0.00115056
44                          0.00115056
45                          0.00040213
46                          0.00001853
47                          0.00443166
48                          0.00443166
49                          0.00003033
Sum orbitals c^2: 28.00000000
----------------------------------------
Most important dets:
Excite Lv         Coef      Det (Reordered orb)
0           0.76382834      |  0  1  2  3  4  5  6  7  8  9 10 11 12 13 |  0  1  2  3  4  5  6  7  8  9 10 11 12 13 |
2          -0.17565563      |  0  1  2  3  4  5  6  7  8  9 10 12 13 21 |  0  1  2  3  4  5  6  7  8  9 10 12 13 21 |
2          -0.17565563      |  0  1  2  3  4  5  6  7  8  9 10 11 13 20 |  0  1  2  3  4  5  6  7  8  9 10 11 13 20 |
2           0.16926959      |  0  1  2  3  4  5  6  7  8  9 10 11 13 20 |  0  1  2  3  4  5  6  7  8  9 10 12 13 21 |
2          -0.09600177      |  0  1  2  3  4  5  6  7  8  9 10 11 12 14 |  0  1  2  3  4  5  6  7  8  9 10 11 12 14 |
2           0.09250257      |  0  1  2  3  4  5  6  7  8  9 11 12 13 15 |  0  1  2  3  4  5  6  7  8  9 11 12 13 16 |
2           0.09215869      |  0  1  2  3  4  5  6  7  8 10 11 12 13 18 |  0  1  2  3  4  5  6  7  9 10 11 12 13 19 |
2           0.08784608      |  0  1  2  3  4  5  6  7  8  9 10 11 12 14 |  0  1  2  3  4  5  6  7  8 10 11 12 13 18 |
2          -0.08784608      |  0  1  2  3  4  5  6  7  8  9 10 11 12 14 |  0  1  2  3  4  5  6  7  9 10 11 12 13 19 |
2           0.08538834      |  0  1  2  3  4  5  6  7  8  9 10 12 13 20 |  0  1  2  3  4  5  6  7  8  9 10 11 13 21 |
2          -0.08497604      |  0  1  2  3  4  5  6  7  8 10 11 12 13 18 |  0  1  2  3  4  5  6  7  8  9 10 12 13 21 |
2          -0.08497604      |  0  1  2  3  4  5  6  7  9 10 11 12 13 19 |  0  1  2  3  4  5  6  7  8  9 10 11 13 20 |
2           0.08332209      |  0  1  2  3  4  5  6  7  8 10 11 12 13 18 |  0  1  2  3  4  5  6  7  8  9 10 11 13 20 |
2           0.08332209      |  0  1  2  3  4  5  6  7  9 10 11 12 13 19 |  0  1  2  3  4  5  6  7  8  9 10 12 13 21 |
2          -0.08258177      |  0  1  2  3  4  5  6  7  8  9 10 11 12 14 |  0  1  2  3  4  5  6  7  8  9 10 11 13 20 |
2           0.08258177      |  0  1  2  3  4  5  6  7  8  9 10 11 12 14 |  0  1  2  3  4  5  6  7  8  9 10 12 13 21 |
4           0.07995750      |  0  1  2  3  4  5  6  7  8  9 10 13 20 21 |  0  1  2  3  4  5  6  7  8  9 10 13 20 21 |
2          -0.07877479      |  0  1  2  3  4  5  6  7  9 10 11 12 13 19 |  0  1  2  3  4  5  6  7  9 10 11 12 13 19 |
2          -0.07877479      |  0  1  2  3  4  5  6  7  8 10 11 12 13 18 |  0  1  2  3  4  5  6  7  8 10 11 12 13 18 |
2          -0.07382788      |  0  1  2  3  4  5  6  7  8  9 11 12 13 22 |  0  1  2  3  4  5  6  7  8  9 11 12 13 22 |
----------------------------------------
HF energy: -2098.5648575103 Ha
Variational energy: -2099.8214005446 Ha
END OF eps_var 2.00e-04 << variation [0.3/1.3]GB [2.094/2.094/2.427]s

BEG OF eps_var 1.00e-04 << variation [0.3/1.3]GB [0.000/0.000/2.427]s
Try Loading Wavefunction wf_eps1_1.00e-04.dat
Loaded 3,767,235 dets from: wf_eps1_1.00e-04.dat
Effect dets (without time sym): 7,528,238
----------------------------------------
Excite Lv       # dets         Sum c^2
0                    1      0.56563087
1                  180      0.00281063
2                70739      0.31492323
3               762366      0.01031104
4              3842418      0.08280243
5               846442      0.00517650
6              1453678      0.01438043
7               261636      0.00155595
8               230658      0.00193908
9                38754      0.00028056
10               18293      0.00016734
11                2406      0.00001817
12                 639      0.00000375
13                  28      0.00000001
----------------------------------------
Orbital                        Sum c^2
0                           1.99516958
1                           1.99522924
2                           1.98963347
3                           1.98811318
4                           1.98811318
5                           1.98538133
6                           1.98538133
7                           1.98278552
8                           1.86236658
9                           1.86236658
10                          1.90730453
11                          1.73560909
12                          1.73560909
13                          1.84912455
14                          0.13748514
15                          0.03063025
16                          0.03063025
17                          0.01422760
18                          0.12783642
19                          0.12783642
20                          0.24698205
21                          0.24698205
22                          0.04023254
23                          0.00737614
24                          0.00393697
25                          0.00393697
26                          0.00439127
27                          0.00816554
28                          0.00816554
29                          0.00304629
30                          0.00450862
31                          0.01283179
32                          0.01283179
33                          0.00457217
34                          0.00457217
35                          0.00383865
36                          0.00383865
37                          0.00217466
38                          0.00217466
39                          0.00235757
40                          0.00421934
41                          0.00176340
42                          0.00176340
43                          0.00142004
44                          0.00142004
45                          0.00062324
46                          0.00002528
47                          0.00465369
48                          0.00465369
49                          0.00003982
Sum orbitals c^2: 28.00000000
----------------------------------------
Most important dets:
Excite Lv         Coef      Det (Reordered orb)
0           0.75208435      |  0  1  2  3  4  5  6  7  8  9 10 11 12 13 |  0  1  2  3  4  5  6  7  8  9 10 11 12 13 |
2          -0.17563497      |  0  1  2  3  4  5  6  7  8  9 10 12 13 21 |  0  1  2  3  4  5  6  7  8  9 10 12 13 21 |
2          -0.17563497      |  0  1  2  3  4  5  6  7  8  9 10 11 13 20 |  0  1  2  3  4  5  6  7  8  9 10 11 13 20 |
2           0.16252736      |  0  1  2  3  4  5  6  7  8  9 10 11 13 20 |  0  1  2  3  4  5  6  7  8  9 10 12 13 21 |
2           0.09523802      |  0  1  2  3  4  5  6  7  8  9 11 12 13 15 |  0  1  2  3  4  5  6  7  8  9 11 12 13 16 |
2          -0.09480834      |  0  1  2  3  4  5  6  7  8  9 10 11 12 14 |  0  1  2  3  4  5  6  7  8  9 10 11 12 14 |
2           0.09388176      |  0  1  2  3  4  5  6  7  8  9 10 12 13 20 |  0  1  2  3  4  5  6  7  8  9 10 11 13 21 |
2           0.09022049      |  0  1  2  3  4  5  6  7  8 10 11 12 13 18 |  0  1  2  3  4  5  6  7  9 10 11 12 13 19 |
2          -0.08639467      |  0  1  2  3  4  5  6  7  8  9 10 11 12 14 |  0  1  2  3  4  5  6  7  9 10 11 12 13 19 |
2           0.08639467      |  0  1  2  3  4  5  6  7  8  9 10 11 12 14 |  0  1  2  3  4  5  6  7  8 10 11 12 13 18 |
2          -0.08392308      |  0  1  2  3  4  5  6  7  8 10 11 12 13 18 |  0  1  2  3  4  5  6  7  8  9 10 12 13 21 |
2          -0.08392308      |  0  1  2  3  4  5  6  7  9 10 11 12 13 19 |  0  1  2  3  4  5  6  7  8  9 10 11 13 20 |
2           0.08208492      |  0  1  2  3  4  5  6  7  8 10 11 12 13 18 |  0  1  2  3  4  5  6  7  8  9 10 11 13 20 |
2           0.08208492      |  0  1  2  3  4  5  6  7  9 10 11 12 13 19 |  0  1  2  3  4  5  6  7  8  9 10 12 13 21 |
2           0.08171298      |  0  1  2  3  4  5  6  7  8  9 10 11 12 14 |  0  1  2  3  4  5  6  7  8  9 10 12 13 21 |
2          -0.08171298      |  0  1  2  3  4  5  6  7  8  9 10 11 12 14 |  0  1  2  3  4  5  6  7  8  9 10 11 13 20 |
4           0.07865016      |  0  1  2  3  4  5  6  7  8  9 10 13 20 21 |  0  1  2  3  4  5  6  7  8  9 10 13 20 21 |
2          -0.07830814      |  0  1  2  3  4  5  6  7  8 10 11 12 13 18 |  0  1  2  3  4  5  6  7  8 10 11 12 13 18 |
2          -0.07830814      |  0  1  2  3  4  5  6  7  9 10 11 12 13 19 |  0  1  2  3  4  5  6  7  9 10 11 12 13 19 |
2          -0.07608881      |  0  1  2  3  4  5  6  7  8  9 11 12 13 22 |  0  1  2  3  4  5  6  7  8  9 11 12 13 22 |
----------------------------------------
HF energy: -2098.5648575103 Ha
Variational energy: -2099.8447646395 Ha
END OF eps_var 1.00e-04 << variation [0.6/1.6]GB [6.267/6.267/8.694]s

BEG OF eps_var 5.00e-05 << variation [0.6/1.6]GB [0.000/0.000/8.694]s
Try Loading Wavefunction wf_eps1_5.00e-05.dat
Loaded 11,357,787 dets from: wf_eps1_5.00e-05.dat
Effect dets (without time sym): 22,704,757
----------------------------------------
Excite Lv       # dets         Sum c^2
0                    1      0.54818076
1                  188      0.00280023
2                77774      0.32128947
3              1701836      0.01153644
4             10289757      0.08893353
5              3294506      0.00616026
6              4965534      0.01625729
7              1055364      0.00192333
8              1002558      0.00230123
9               193754      0.00037109
10              103655      0.00021310
11               15878      0.00002761
12                3747      0.00000555
13                 198      0.00000013
14                   7      0.00000000
----------------------------------------
Orbital                        Sum c^2
0                           1.99491712
1                           1.99496073
2                           1.98907413
3                           1.98751648
4                           1.98751648
5                           1.98472200
6                           1.98472200
7                           1.98200084
8                           1.85599472
9                           1.85599472
10                          1.89312348
11                          1.72303311
12                          1.72303311
13                          1.84160761
14                          0.14279683
15                          0.03492979
16                          0.03492979
17                          0.01579224
18                          0.13315675
19                          0.13315675
20                          0.25715262
21                          0.25715262
22                          0.04684941
23                          0.00800826
24                          0.00439717
25                          0.00439717
26                          0.00501925
27                          0.00867639
28                          0.00867639
29                          0.00330037
30                          0.00470818
31                          0.01377740
32                          0.01377740
33                          0.00478224
34                          0.00478224
35                          0.00424493
36                          0.00424493
37                          0.00228200
38                          0.00228200
39                          0.00247099
40                          0.00464475
41                          0.00196572
42                          0.00196572
43                          0.00172290
44                          0.00172290
45                          0.00083871
46                          0.00003637
47                          0.00484520
48                          0.00484520
49                          0.00005585
Sum orbitals c^2: 28.00000000
----------------------------------------
Most important dets:
Excite Lv         Coef      Det (Reordered orb)
0           0.74039230      |  0  1  2  3  4  5  6  7  8  9 10 11 12 13 |  0  1  2  3  4  5  6  7  8  9 10 11 12 13 |
2          -0.17749953      |  0  1  2  3  4  5  6  7  8  9 10 12 13 21 |  0  1  2  3  4  5  6  7  8  9 10 12 13 21 |
2          -0.17749953      |  0  1  2  3  4  5  6  7  8  9 10 11 13 20 |  0  1  2  3  4  5  6  7  8  9 10 11 13 20 |
2           0.15858868      |  0  1  2  3  4  5  6  7  8  9 10 11 13 20 |  0  1  2  3  4  5  6  7  8  9 10 12 13 21 |
2           0.09984945      |  0  1  2  3  4  5  6  7  8  9 10 12 13 20 |  0  1  2  3  4  5  6  7  8  9 10 11 13 21 |
2           0.09880674      |  0  1  2  3  4  5  6  7  8  9 11 12 13 15 |  0  1  2  3  4  5  6  7  8  9 11 12 13 16 |
2          -0.09406590      |  0  1  2  3  4  5  6  7  8  9 10 11 12 14 |  0  1  2  3  4  5  6  7  8  9 10 11 12 14 |
2           0.08891695      |  0  1  2  3  4  5  6  7  8 10 11 12 13 18 |  0  1  2  3  4  5  6  7  9 10 11 12 13 19 |
2          -0.08524624      |  0  1  2  3  4  5  6  7  8  9 10 11 12 14 |  0  1  2  3  4  5  6  7  9 10 11 12 13 19 |
2           0.08524624      |  0  1  2  3  4  5  6  7  8  9 10 11 12 14 |  0  1  2  3  4  5  6  7  8 10 11 12 13 18 |
2          -0.08282638      |  0  1  2  3  4  5  6  7  8 10 11 12 13 18 |  0  1  2  3  4  5  6  7  8  9 10 12 13 21 |
2          -0.08282638      |  0  1  2  3  4  5  6  7  9 10 11 12 13 19 |  0  1  2  3  4  5  6  7  8  9 10 11 13 20 |
2           0.08076452      |  0  1  2  3  4  5  6  7  8 10 11 12 13 18 |  0  1  2  3  4  5  6  7  8  9 10 11 13 20 |
2           0.08076452      |  0  1  2  3  4  5  6  7  9 10 11 12 13 19 |  0  1  2  3  4  5  6  7  8  9 10 12 13 21 |
2           0.08058616      |  0  1  2  3  4  5  6  7  8  9 10 11 12 14 |  0  1  2  3  4  5  6  7  8  9 10 12 13 21 |
2          -0.08058616      |  0  1  2  3  4  5  6  7  8  9 10 11 12 14 |  0  1  2  3  4  5  6  7  8  9 10 11 13 20 |
2          -0.07896833      |  0  1  2  3  4  5  6  7  8  9 11 12 13 22 |  0  1  2  3  4  5  6  7  8  9 11 12 13 22 |
4           0.07845899      |  0  1  2  3  4  5  6  7  8  9 10 13 20 21 |  0  1  2  3  4  5  6  7  8  9 10 13 20 21 |
2          -0.07807784      |  0  1  2  3  4  5  6  7  9 10 11 12 13 19 |  0  1  2  3  4  5  6  7  9 10 11 12 13 19 |
2          -0.07807784      |  0  1  2  3  4  5  6  7  8 10 11 12 13 18 |  0  1  2  3  4  5  6  7  8 10 11 12 13 18 |
----------------------------------------
HF energy: -2098.5648575103 Ha
Variational energy: -2099.8631992663 Ha
END OF eps_var 5.00e-05 << variation [1.9/2.9]GB [18.722/18.722/27.416]s
END OF variation [1.9/2.9]GB [0.002/27.084/27.417]s

BEG OF post variation [1.9/2.9]GB [0.000/0.000/27.417]s
END OF post variation [1.9/2.9]GB [0.000/0.000/27.418]s

BEG OF perturbation [1.9/2.9]GB [0.000/0.000/27.418]s

BEG OF eps_var 2.00e-04 << perturbation [1.9/2.9]GB [0.000/0.000/27.418]s
Total energy: -2099.8987509509 +- 0.0000051611 (loaded from result file)
END OF eps_var 2.00e-04 << perturbation [1.9/2.9]GB [0.000/0.000/27.418]s

BEG OF eps_var 1.00e-04 << perturbation [1.9/2.9]GB [0.000/0.000/27.418]s
Total energy: -2099.9031419568 +- 0.0000059588 (loaded from result file)
END OF eps_var 1.00e-04 << perturbation [1.9/2.9]GB [0.000/0.000/27.419]s

BEG OF eps_var 5.00e-05 << perturbation [1.9/2.9]GB [0.000/0.000/27.419]s
Total energy: -2099.9067733145 +- 0.0000067927 (loaded from result file)
END OF eps_var 5.00e-05 << perturbation [1.9/2.9]GB [0.000/0.000/27.419]s
END OF perturbation [1.9/2.9]GB [0.000/0.001/27.419]s
